0    2.3533
1    2.3533
2    2.3533
3    2.3533
4    2.3533
5    2.3533
6    2.3533
7    2.3533
8    2.3533
9    2.3533
10    2.3533
11    2.3533
12    2.3533
13    2.3533
14    2.3533
15    2.3533
16    2.3533
17    2.3533
18    2.3533
19    2.3533
20    2.3533
21    2.3533
22    2.3533
23    2.3533
24    2.3533
25    2.3533
26    2.3533
27    2.3533
28    2.3533
29    2.3533
30    2.3533
31    2.3533
32    2.3533
33    2.3533
34    2.3533
35    2.3533
36    2.3533
37    2.3533
38    2.3533
39    2.3533
40    2.3533
41    2.3533
42    2.3533
43    2.3533
44    2.3533
45    2.3533
46    2.3533
47    2.3533
48    2.3533
49    2.3533
50    2.3533
51    2.3533
52    2.3533
53    2.3533
54    2.3533
55    2.3533
56    2.3533
57    2.3533
58    2.3533
59    2.3533
60    2.3533
61    2.3533
62    2.3533
63    2.3533
64    2.3533
65    2.3533
66    2.3533
67    2.3533
68    2.3533
69    2.3533
70    2.3533
71    2.3533
72    2.3533
73    2.3533
74    2.3533
75    2.3533
76    2.3533
77   2.35329
78   2.35325
79   2.35313
80   2.35281
81   2.35204
82   2.35038
83   2.34722
84   2.34186
85   2.33363
86   2.32217
87   2.30743
88   2.28969
89   2.26947
90   2.24731
91   2.22374
92    2.1992
93   2.17403
94   2.14849
95   2.12277
96   2.09701
97   2.07133
98    2.0458
99   2.02052
100   1.99555
101   1.97098
102   1.94689
103   1.92342
104   1.90071
105   1.87901
106   1.85866
107   1.84013
108   1.82416
109   1.81173
110   1.80406
111   1.80228
112   1.80665
113   1.81552
114   1.82513
115   1.83131
116   1.83222
117    1.8293
118   1.82568
119   1.82381
120   1.82418
121   1.82567
122   1.82684
123   1.82709
124   1.82673
125   1.82638
126   1.82633
127   1.82647
128   1.82658
129   1.82658
130   1.82653
131    1.8265
132    1.8265
133   1.82651
134   1.82651
135   1.82649
136   1.82648
137   1.82647
138   1.82646
139   1.82645
140   1.82644
141   1.82641
142    1.8264
143   1.82641
144   1.82631
145   1.82631
146   1.82643
147   1.82624
148   1.82598
149   1.82645
150   1.82687
151   1.82584
152   1.82472
153   1.82635
154   1.82937
155   1.82823
156   1.82141
157   1.81632
158   1.82242
159   1.83947
160   1.85447
161    1.8504
162   1.81815
163   1.76156
164   1.69353
165   1.62824
166   1.57526
167   1.53789
168   1.51471
169    1.5021
170   1.49625
171   1.49415
172   1.49383
173   1.49418
174   1.49467
175   1.49506
176   1.49533
177   1.49549
178   1.49557
179    1.4956
180   1.49558
181   1.49551
182   1.49542
183   1.49533
184   1.49528
185   1.49528
186    1.4953
187   1.49529
188   1.49526
189   1.49521
190   1.49518
191   1.49519
192   1.49521
193    1.4952
194   1.49514
195   1.49506
196   1.49502
197   1.49505
198   1.49512
199   1.49518
200   1.49517
201   1.49512
202   1.49509
203    1.4951
204   1.49516
205   1.49519
206   1.49516
207   1.49506
208   1.49498
209   1.49498
210   1.49506
211   1.49516
212   1.49519
213   1.49514
214   1.49505
215   1.49504
216   1.49505
217    1.4951
218   1.49473
219   1.49319
220    1.4872
221   1.46011
222   1.35001
223   1.20111
224    1.1781
225   1.17677
226    1.1767
227    1.1767
228    1.1767
229    1.1767
230    1.1767
231    1.1767
232    1.1767
233    1.1767
234    1.1767
235    1.1767
236    1.1767
237    1.1767
238    1.1767
239    1.1767
240    1.1767
241    1.1767
242    1.1767
243    1.1767
244    1.1767
245    1.1767
246    1.1767
247    1.1767
248    1.1767
249    1.1767
250    1.1767
251    1.1767
252    1.1767
253    1.1767
254    1.1767
255    1.1767
256    1.1767
257    1.1767
258    1.1767
259    1.1767
260    1.1767
261    1.1767
262    1.1767
263    1.1767
264    1.1767
265    1.1767
266    1.1767
267    1.1767
268    1.1767
269    1.1767
270    1.1767
271    1.1767
272    1.1767
273    1.1767
274    1.1767
275    1.1767
276    1.1767
277    1.1767
278    1.1767
279    1.1767
280    1.1767
281    1.1767
282    1.1767
283    1.1767
284    1.1767
285    1.1767
286    1.1767
287    1.1767
288    1.1767
289    1.1767
290    1.1767
291    1.1767
292    1.1767
293    1.1767
294    1.1767
295    1.1767
296    1.1767
297    1.1767
298    1.1767
299    1.1767
