0    202325
1    202325
2    202325
3    202325
4    202325
5    202325
6    202325
7    202325
8    202325
9    202325
10    202325
11    202325
12    202325
13    202325
14    202325
15    202325
16    202325
17    202325
18    202325
19    202325
20    202325
21    202325
22    202325
23    202325
24    202325
25    202325
26    202325
27    202325
28    202325
29    202325
30    202325
31    202325
32    202325
33    202325
34    202325
35    202325
36    202325
37    202325
38    202325
39    202325
40    202325
41    202325
42    202325
43    202325
44    202325
45    202325
46    202325
47    202325
48    202325
49    202325
50    202325
51    202325
52    202325
53    202325
54    202325
55    202325
56    202325
57    202325
58    202325
59    202325
60    202325
61    202325
62    202325
63    202325
64    202325
65    202325
66    202325
67    202325
68    202325
69    202325
70    202325
71    202325
72    202325
73    202325
74    202325
75    202325
76    202325
77    202323
78    202319
79    202305
80    202266
81    202173
82    201973
83    201594
84    200949
85    199962
86    198588
87    196826
88    194712
89    192309
90    189686
91    186907
92    184027
93    181085
94    178115
95    175138
96    172171
97    169227
98    166315
99    163446
100    160626
101    157864
102    155171
103    152558
104    150044
105    147652
106    145417
107    143393
108    141653
109    140304
110    139473
111    139281
112    139755
113    140717
114    141760
115    142433
116    142533
117    142215
118    141822
119    141619
120    141659
121    141822
122    141949
123    141976
124    141937
125    141900
126    141895
127    141911
128    141923
129    141924
130    141918
131    141916
132    141917
133    141918
134    141918
135    141918
136    141917
137    141917
138    141916
139    141916
140    141916
141    141915
142    141914
143    141913
144    141911
145    141910
146    141909
147    141908
148    141909
149    141909
150    141911
151    141912
152    141912
153    141912
154    141911
155    141910
156    141908
157    141907
158    141906
159    141907
160    141908
161    141909
162    141910
163    141911
164    141911
165    141910
166    141909
167    141907
168    141905
169    141904
170    141904
171    141904
172    141906
173    141907
174    141909
175    141910
176    141911
177    141910
178    141910
179    141908
180    141906
181    141905
182    141904
183    141904
184    141905
185    141906
186    141908
187    141909
188    141910
189    141910
190    141910
191    141909
192    141907
193    141905
194    141903
195    141903
196    141903
197    141904
198    141905
199    141907
200    141909
201    141910
202    141910
203    141909
204    141908
205    141906
206    141904
207    141903
208    141902
209    141901
210    141902
211    141903
212    141905
213    141907
214    141907
215    141908
216    141900
217    141893
218    141842
219    141650
220    140908
221    137625
222    123701
223    104310
224    101494
225    101334
226    101325
227    101325
228    101325
229    101325
230    101325
231    101325
232    101325
233    101325
234    101325
235    101325
236    101325
237    101325
238    101325
239    101325
240    101325
241    101325
242    101325
243    101325
244    101325
245    101325
246    101325
247    101325
248    101325
249    101325
250    101325
251    101325
252    101325
253    101325
254    101325
255    101325
256    101325
257    101325
258    101325
259    101325
260    101325
261    101325
262    101325
263    101325
264    101325
265    101325
266    101325
267    101325
268    101325
269    101325
270    101325
271    101325
272    101325
273    101325
274    101325
275    101325
276    101325
277    101325
278    101325
279    101325
280    101325
281    101325
282    101325
283    101325
284    101325
285    101325
286    101325
287    101325
288    101325
289    101325
290    101325
291    101325
292    101325
293    101325
294    101325
295    101325
296    101325
297    101325
298    101325
299    101325
