0         0
1         0
2         0
3         0
4         0
5         0
6         0
7         0
8         0
9         0
10         0
11         0
12         0
13         0
14         0
15         0
16         0
17         0
18         0
19         0
20         0
21         0
22         0
23         0
24         0
25         0
26         0
27         0
28         0
29         0
30         0
31         0
32         0
33         0
34         0
35         0
36         0
37         0
38         0
39         0
40         0
41         0
42         0
43         0
44         0
45         0
46         0
47         0
48         0
49         0
50         0
51         0
52         0
53         0
54         0
55         0
56         0
57         0
58         0
59         0
60         0
61         0
62         0
63         0
64         0
65         0
66         0
67         0
681.71331e-012
697.89247e-011
701.79614e-009
712.66596e-008
722.90109e-007
732.46659e-006
741.70511e-005
759.84623e-005
760.000484237
770.00205748
780.00763493
79 0.0249498
80 0.0722664
81   0.18652
82   0.43108
83  0.896828
84   1.69019
85   2.90849
86   4.61321
87   6.81518
88   9.47827
89   12.5361
90   15.9114
91   19.5309
92   23.3322
93   27.2663
94   31.2957
95   35.3923
96   39.5349
97   43.7065
98   47.8931
99   52.0818
100   56.2598
101   60.4128
102   64.5235
103   68.5696
104   72.5204
105    76.332
106   79.9404
107   83.2515
108   86.1283
109   88.3811
110   89.7768
111   90.1005
112   89.3029
113   87.6894
114   85.9498
115    84.834
116   84.6694
117   85.1949
118   85.8472
119   86.1847
120   86.1172
121   85.8479
122   85.6356
123   85.5912
124   85.6557
125   85.7178
126   85.7253
127   85.6988
128   85.6784
129   85.6781
130   85.6866
131   85.6909
132   85.6892
133   85.6867
134   85.6865
135   85.6877
136   85.6889
137   85.6895
138   85.6899
139   85.6904
140   85.6911
141   85.6921
142   85.6936
143   85.6957
144   85.6981
145   85.7004
146    85.702
147   85.7026
148   85.7021
149   85.7007
150   85.6988
151   85.6971
152   85.6962
153   85.6964
154   85.6979
155   85.7002
156   85.7027
157   85.7047
158   85.7055
159    85.705
160   85.7032
161   85.7008
162   85.6985
163   85.6971
164   85.6971
165   85.6986
166   85.7011
167   85.7041
168   85.7068
169   85.7086
170   85.7091
171   85.7082
172    85.706
173    85.703
174      85.7
175   85.6976
176   85.6964
177   85.6967
178   85.6983
179   85.7008
180   85.7037
181   85.7061
182   85.7075
183   85.7076
184   85.7062
185   85.7036
186   85.7006
187   85.6978
188   85.6959
189   85.6954
190   85.6965
191   85.6989
192   85.7021
193   85.7054
194    85.708
195   85.7093
196   85.7089
197    85.707
198   85.7038
199   85.7001
200   85.6967
201   85.6944
202   85.6937
203   85.6948
204   85.6973
205   85.7005
206   85.7036
207   85.7055
208   85.7057
209    85.704
210   85.7009
211    85.697
212    85.694
213   85.6907
214   85.6909
215   85.6848
216   85.6884
217    85.651
218   85.6269
219    85.162
220   84.0253
221   77.5759
222   51.5186
223   7.26769
224  0.414454
225 0.0215462
2260.00116084
2276.51002e-005
2283.70518e-006
2291.90205e-007
2307.2836e-009
2311.45813e-010
232         0
233         0
234         0
235         0
236         0
237         0
238         0
239         0
240         0
241         0
242         0
243         0
244         0
245         0
246         0
247         0
248         0
249         0
250         0
251         0
252         0
253         0
254         0
255         0
256         0
257         0
258         0
259         0
260         0
261         0
262         0
263         0
264         0
265         0
266         0
267         0
268         0
269         0
270         0
271         0
272         0
273         0
274         0
275         0
276         0
277         0
278         0
279         0
280         0
281         0
282         0
283         0
284         0
285         0
286         0
287         0
288         0
289         0
290         0
291         0
292         0
293         0
294         0
295         0
296         0
297         0
298         0
299         0
